a = 5.155;
b = [0.6,5.04,1.8];
a*b
a^2*b
a^3*b
a^4*b